0 0.96 0.96
0 0.88 0.95
0 0.94 0.92
0 0.97 0.87
0 0.92 0.85
0 0.87 0.9
0 0.8 0.95
0 0.95 0.8
1 0.97 0.12
1 0.94 0.08
1 0.87 0.06
1 0.9 0.02
1 0.96 0.04
1 0.96 0.18
1 0.89 0.14
1 0.8 0.05
1 0.83 0.11
1 0.76 0.04
2 0.02 0.05
2 0.02 0.13
2 0.06 0.11
2 0.11 0.05
2 0.08 0.04
2 0.19 0.03
2 0.14 0.09
2 0.1 0.16
2 0.05 0.22
2 0.03 0.18
2 0.02 0.27
3 0.04 0.95
3 0.12 0.97
3 0.1 0.92
3 0.06 0.85
3 0.04 0.78
3 0.11 0.84
3 0.15 0.89
3 0.2 0.95
3 0.25 0.96
4 0.38 0.6
4 0.42 0.61
4 0.41 0.58
4 0.57 0.61
4 0.62 0.61
4 0.59 0.58
4 0.42 0.47
4 0.44 0.45
4 0.47 0.44
4 0.49 0.42
4 0.52 0.43
4 0.54 0.44
4 0.56 0.46
4 0.58 0.48
4 0.5 0.55
4 0.49 0.52
4 0.5 0.51
4 0.52 0.52