0 0.44 0.57
0 0.04 0.95
0 0.04 0.58
0 0.43 0.94
0 0.22 0.91
0 0.05 0.78
0 0.24 0.58
0 0.44 0.74
0 0.32 0.84
0 0.16 0.84
0 0.15 0.7
0 0.31 0.71
0 0.36 0.61
0 0.13 0.63
0 0.21 0.79
0 0.4 0.84
0 0.33 0.92
0 0.09 0.91
0 0.06 0.71
0 0.24 0.67
0 0.55 0.45
0 0.98 0.04
0 0.54 0.04
0 0.95 0.46
0 0.76 0.46
0 0.55 0.26
0 0.74 0.05
0 0.95 0.26
0 0.85 0.44
0 0.65 0.45
0 0.56 0.37
0 0.55 0.19
0 0.67 0.15
0 0.71 0.27
0 0.64 0.36
0 0.8 0.35
0 0.9 0.34
0 0.78 0.21
0 0.91 0.14
0 0.8 0.13
1 0.53 0.56
1 0.94 0.95
1 0.54 0.96
1 0.96 0.55
1 0.55 0.67
1 0.55 0.78
1 0.63 0.87
1 0.74 0.92
1 0.87 0.87
1 0.9 0.76
1 0.89 0.68
1 0.85 0.59
1 0.7 0.57
1 0.67 0.67
1 0.63 0.76
1 0.71 0.81
1 0.8 0.76
1 0.73 0.74
1 0.62 0.57
1 0.78 0.66
1 0.45 0.46
1 0.04 0.05
1 0.03 0.47
1 0.45 0.04
1 0.44 0.16
1 0.41 0.3
1 0.33 0.42
1 0.17 0.45
1 0.41 0.4
1 0.22 0.38
1 0.07 0.39
1 0.06 0.27
1 0.05 0.17
1 0.12 0.07
1 0.24 0.06
1 0.35 0.06
1 0.31 0.2
1 0.2 0.29
1 0.15 0.2
1 0.23 0.17